Start        ( 0):        3       3       3       3       3       3       3   0.010       0       0
DeadTime     ( 1):        1       1       1       1       1       1       2   0.030       0       0
ADeadTime1   ( 2):        1       1       1       1       1       1      35   0.500       0       4
BaseState    ( 3):        4       3       3       3       3       3       3  10.000       0       0
PreSound     ( 4):        3       3       3       3       3       3       5   0.096       0       0
SampleSound  ( 5):       14      14      14      14      14      14       6   3.000       0       2
PreChord     ( 6):        6       6       9       6      10       6       7   0.556       0       0
Chord        ( 7):        7       7       9       7      10       7       8   1.000       0       1
WaitForPoke  ( 8):        8       8       9       8      10       8       8  10.000       0       0
Reward       ( 9):        9       9       9       9       9       9      11   0.200       1       0
NoReward     (10):       10      10      10      10      10      10      32   0.030       0       0
Drink        (11):       11      11      11      11      11      11      12   0.500       0       0
ITIState     (12):       12      12      12      12      12      12      18   0.030       0       0
ITIState2    (13):       13      13      13      13      13      13      25   0.030       0       0
Withdrawal   (14):       14      14      14      14      14      14      40   0.030       0       0
RITIState2   (15):       12      12      12      12      12      12      19   0.030       0       0
RITIState3   (16):       12      12      12      12      12      12      20   0.030       0       0
RITIState4   (17):       12      12      12      12      12      12      21   0.030       0       0
AITIState1   (18):       12      12      12      12      12      12      15   0.500       0       4
AITIState2   (19):       12      12      12      12      12      12      16   0.500       0       4
AITIState3   (20):       12      12      12      12      12      12      17   0.500       0       4
AITIState4   (21):       13      13      13      13      13      13      35   0.500       0       4
RITIState22  (22):       13      13      13      13      13      13      26   0.030       0       0
RITIState23  (23):       13      13      13      13      13      13      27   0.030       0       0
RITIState24  (24):       13      13      13      13      13      13      28   0.030       0       0
AITIState21  (25):       13      13      13      13      13      13      22   0.500       0       4
AITIState22  (26):       13      13      13      13      13      13      23   0.500       0       4
AITIState23  (27):       13      13      13      13      13      13      24   0.500       0       4
AITIState24  (28):       12      12      12      12      12      12      35   0.500       0       4
RNoReward2   (29):       10      10      10      10      10      10      33   0.030       0       0
RNoReward3   (30):       10      10      10      10      10      10      34   0.030       0       0
RNoReward4   (31):       10      10      10      10      10      10      36   0.030       0       0
ANoReward1   (32):       10      10      10      10      10      10      29   0.500       0       4
ANoReward2   (33):       10      10      10      10      10      10      30   0.500       0       4
ANoReward3   (34):       10      10      10      10      10      10      31   0.500       0       4
S35          (35):        1       1       1       1       1       1       1   0.030       0       0
ANoReward4   (36):       10      10      10      10      10      10      12   0.500       0       4
RWithdrawal2 (37):       14      14      14      14      14      14      41   0.030       0       0
RWithdrawal3 (38):       14      14      14      14      14      14      42   0.030       0       0
RWithdrawal4 (39):       14      14      14      14      14      14      43   0.030       0       0
AWithdrawal1 (40):       14      14      14      14      14      14      37   0.500       0       4
AWithdrawal2 (41):       14      14      14      14      14      14      38   0.500       0       4
AWithdrawal3 (42):       14      14      14      14      14      14      39   0.500       0       4
AWithdrawal4 (43):       14      14      14      14      14      14       3   0.500       0       4
             (44):        0       0       0       0       0       0       0   0.000       0       0
             (45):        0       0       0       0       0       0       0   0.000       0       0
             (46):        0       0       0       0       0       0       0   0.000       0       0
             (47):        0       0       0       0       0       0       0   0.000       0       0
             (48):        0       0       0       0       0       0       0   0.000       0       0
             (49):        0       0       0       0       0       0       0   0.000       0       0
             (50):        0       0       0       0       0       0       0   0.000       0       0
             (51):        0       0       0       0       0       0       0   0.000       0       0
             (52):        0       0       0       0       0       0       0   0.000       0       0
             (53):        0       0       0       0       0       0       0   0.000       0       0
             (54):        0       0       0       0       0       0       0   0.000       0       0
             (55):        0       0       0       0       0       0       0   0.000       0       0
             (56):        0       0       0       0       0       0       0   0.000       0       0
             (57):        0       0       0       0       0       0       0   0.000       0       0
             (58):        0       0       0       0       0       0       0   0.000       0       0
             (59):        0       0       0       0       0       0       0   0.000       0       0
             (60):        0       0       0       0       0       0       0   0.000       0       0
             (61):        0       0       0       0       0       0       0   0.000       0       0
             (62):        0       0       0       0       0       0       0   0.000       0       0
             (63):        0       0       0       0       0       0       0   0.000       0       0
             (64):        0       0       0       0       0       0       0   0.000       0       0
             (65):        0       0       0       0       0       0       0   0.000       0       0
             (66):        0       0       0       0       0       0       0   0.000       0       0
             (67):        0       0       0       0       0       0       0   0.000       0       0
             (68):        0       0       0       0       0       0       0   0.000       0       0
             (69):        0       0       0       0       0       0       0   0.000       0       0
             (70):        0       0       0       0       0       0       0   0.000       0       0
             (71):        0       0       0       0       0       0       0   0.000       0       0
             (72):        0       0       0       0       0       0       0   0.000       0       0
             (73):        0       0       0       0       0       0       0   0.000       0       0
             (74):        0       0       0       0       0       0       0   0.000       0       0
             (75):        0       0       0       0       0       0       0   0.000       0       0
             (76):        0       0       0       0       0       0       0   0.000       0       0
             (77):        0       0       0       0       0       0       0   0.000       0       0
             (78):        0       0       0       0       0       0       0   0.000       0       0
             (79):        0       0       0       0       0       0       0   0.000       0       0
             (80):        0       0       0       0       0       0       0   0.000       0       0
             (81):        0       0       0       0       0       0       0   0.000       0       0
             (82):        0       0       0       0       0       0       0   0.000       0       0
             (83):        0       0       0       0       0       0       0   0.000       0       0
             (84):        0       0       0       0       0       0       0   0.000       0       0
             (85):        0       0       0       0       0       0       0   0.000       0       0
             (86):        0       0       0       0       0       0       0   0.000       0       0
             (87):        0       0       0       0       0       0       0   0.000       0       0
             (88):        0       0       0       0       0       0       0   0.000       0       0
             (89):        0       0       0       0       0       0       0   0.000       0       0
             (90):        0       0       0       0       0       0       0   0.000       0       0
             (91):        0       0       0       0       0       0       0   0.000       0       0
             (92):        0       0       0       0       0       0       0   0.000       0       0
             (93):        0       0       0       0       0       0       0   0.000       0       0
             (94):        0       0       0       0       0       0       0   0.000       0       0
             (95):        0       0       0       0       0       0       0   0.000       0       0
             (96):        0       0       0       0       0       0       0   0.000       0       0
             (97):        0       0       0       0       0       0       0   0.000       0       0
             (98):        0       0       0       0       0       0       0   0.000       0       0
             (99):        0       0       0       0       0       0       0   0.000       0       0
             (100):        0       0       0       0       0       0       0   0.000       0       0
             (101):        0       0       0       0       0       0       0   0.000       0       0
             (102):        0       0       0       0       0       0       0   0.000       0       0
             (103):        0       0       0       0       0       0       0   0.000       0       0
             (104):        0       0       0       0       0       0       0   0.000       0       0
             (105):        0       0       0       0       0       0       0   0.000       0       0
             (106):        0       0       0       0       0       0       0   0.000       0       0
             (107):        0       0       0       0       0       0       0   0.000       0       0
             (108):        0       0       0       0       0       0       0   0.000       0       0
             (109):        0       0       0       0       0       0       0   0.000       0       0
             (110):        0       0       0       0       0       0       0   0.000       0       0
             (111):        0       0       0       0       0       0       0   0.000       0       0
             (112):        0       0       0       0       0       0       0   0.000       0       0
             (113):        0       0       0       0       0       0       0   0.000       0       0
             (114):        0       0       0       0       0       0       0   0.000       0       0
             (115):        0       0       0       0       0       0       0   0.000       0       0
             (116):        0       0       0       0       0       0       0   0.000       0       0
             (117):        0       0       0       0       0       0       0   0.000       0       0
             (118):        0       0       0       0       0       0       0   0.000       0       0
             (119):        0       0       0       0       0       0       0   0.000       0       0
             (120):        0       0       0       0       0       0       0   0.000       0       0
             (121):        0       0       0       0       0       0       0   0.000       0       0
             (122):        0       0       0       0       0       0       0   0.000       0       0
             (123):        0       0       0       0       0       0       0   0.000       0       0
             (124):        0       0       0       0       0       0       0   0.000       0       0
             (125):        0       0       0       0       0       0       0   0.000       0       0
             (126):        0       0       0       0       0       0       0   0.000       0       0
             (127):        0       0       0       0       0       0       0   0.000       0       0
